{
 "cells": [
  {
   "cell_type": "markdown",
   "metadata": {},
   "source": [
    "## Part 1: Correlation, regression"
   ]
  },
  {
   "cell_type": "code",
   "execution_count": 1,
   "metadata": {},
   "outputs": [],
   "source": [
    "import numpy as np\n",
    "import pandas as pd"
   ]
  },
  {
   "cell_type": "code",
   "execution_count": 2,
   "metadata": {},
   "outputs": [
    {
     "data": {
      "text/html": [
       "<div>\n",
       "<style scoped>\n",
       "    .dataframe tbody tr th:only-of-type {\n",
       "        vertical-align: middle;\n",
       "    }\n",
       "\n",
       "    .dataframe tbody tr th {\n",
       "        vertical-align: top;\n",
       "    }\n",
       "\n",
       "    .dataframe thead th {\n",
       "        text-align: right;\n",
       "    }\n",
       "</style>\n",
       "<table border=\"1\" class=\"dataframe\">\n",
       "  <thead>\n",
       "    <tr style=\"text-align: right;\">\n",
       "      <th></th>\n",
       "      <th>meanfreq</th>\n",
       "      <th>sd</th>\n",
       "      <th>median</th>\n",
       "      <th>Q25</th>\n",
       "      <th>Q75</th>\n",
       "      <th>IQR</th>\n",
       "      <th>skew</th>\n",
       "      <th>kurt</th>\n",
       "      <th>sp.ent</th>\n",
       "      <th>sfm</th>\n",
       "      <th>...</th>\n",
       "      <th>centroid</th>\n",
       "      <th>meanfun</th>\n",
       "      <th>minfun</th>\n",
       "      <th>maxfun</th>\n",
       "      <th>meandom</th>\n",
       "      <th>mindom</th>\n",
       "      <th>maxdom</th>\n",
       "      <th>dfrange</th>\n",
       "      <th>modindx</th>\n",
       "      <th>label</th>\n",
       "    </tr>\n",
       "  </thead>\n",
       "  <tbody>\n",
       "    <tr>\n",
       "      <th>0</th>\n",
       "      <td>0.059781</td>\n",
       "      <td>0.064241</td>\n",
       "      <td>0.032027</td>\n",
       "      <td>0.015071</td>\n",
       "      <td>0.090193</td>\n",
       "      <td>0.075122</td>\n",
       "      <td>12.863462</td>\n",
       "      <td>274.402906</td>\n",
       "      <td>0.893369</td>\n",
       "      <td>0.491918</td>\n",
       "      <td>...</td>\n",
       "      <td>0.059781</td>\n",
       "      <td>0.084279</td>\n",
       "      <td>0.015702</td>\n",
       "      <td>0.275862</td>\n",
       "      <td>0.007812</td>\n",
       "      <td>0.007812</td>\n",
       "      <td>0.007812</td>\n",
       "      <td>0.000000</td>\n",
       "      <td>0.000000</td>\n",
       "      <td>male</td>\n",
       "    </tr>\n",
       "    <tr>\n",
       "      <th>1</th>\n",
       "      <td>0.066009</td>\n",
       "      <td>0.067310</td>\n",
       "      <td>0.040229</td>\n",
       "      <td>0.019414</td>\n",
       "      <td>0.092666</td>\n",
       "      <td>0.073252</td>\n",
       "      <td>22.423285</td>\n",
       "      <td>634.613855</td>\n",
       "      <td>0.892193</td>\n",
       "      <td>0.513724</td>\n",
       "      <td>...</td>\n",
       "      <td>0.066009</td>\n",
       "      <td>0.107937</td>\n",
       "      <td>0.015826</td>\n",
       "      <td>0.250000</td>\n",
       "      <td>0.009014</td>\n",
       "      <td>0.007812</td>\n",
       "      <td>0.054688</td>\n",
       "      <td>0.046875</td>\n",
       "      <td>0.052632</td>\n",
       "      <td>male</td>\n",
       "    </tr>\n",
       "    <tr>\n",
       "      <th>2</th>\n",
       "      <td>0.077316</td>\n",
       "      <td>0.083829</td>\n",
       "      <td>0.036718</td>\n",
       "      <td>0.008701</td>\n",
       "      <td>0.131908</td>\n",
       "      <td>0.123207</td>\n",
       "      <td>30.757155</td>\n",
       "      <td>1024.927705</td>\n",
       "      <td>0.846389</td>\n",
       "      <td>0.478905</td>\n",
       "      <td>...</td>\n",
       "      <td>0.077316</td>\n",
       "      <td>0.098706</td>\n",
       "      <td>0.015656</td>\n",
       "      <td>0.271186</td>\n",
       "      <td>0.007990</td>\n",
       "      <td>0.007812</td>\n",
       "      <td>0.015625</td>\n",
       "      <td>0.007812</td>\n",
       "      <td>0.046512</td>\n",
       "      <td>male</td>\n",
       "    </tr>\n",
       "    <tr>\n",
       "      <th>3</th>\n",
       "      <td>0.151228</td>\n",
       "      <td>0.072111</td>\n",
       "      <td>0.158011</td>\n",
       "      <td>0.096582</td>\n",
       "      <td>0.207955</td>\n",
       "      <td>0.111374</td>\n",
       "      <td>1.232831</td>\n",
       "      <td>4.177296</td>\n",
       "      <td>0.963322</td>\n",
       "      <td>0.727232</td>\n",
       "      <td>...</td>\n",
       "      <td>0.151228</td>\n",
       "      <td>0.088965</td>\n",
       "      <td>0.017798</td>\n",
       "      <td>0.250000</td>\n",
       "      <td>0.201497</td>\n",
       "      <td>0.007812</td>\n",
       "      <td>0.562500</td>\n",
       "      <td>0.554688</td>\n",
       "      <td>0.247119</td>\n",
       "      <td>male</td>\n",
       "    </tr>\n",
       "    <tr>\n",
       "      <th>4</th>\n",
       "      <td>0.135120</td>\n",
       "      <td>0.079146</td>\n",
       "      <td>0.124656</td>\n",
       "      <td>0.078720</td>\n",
       "      <td>0.206045</td>\n",
       "      <td>0.127325</td>\n",
       "      <td>1.101174</td>\n",
       "      <td>4.333713</td>\n",
       "      <td>0.971955</td>\n",
       "      <td>0.783568</td>\n",
       "      <td>...</td>\n",
       "      <td>0.135120</td>\n",
       "      <td>0.106398</td>\n",
       "      <td>0.016931</td>\n",
       "      <td>0.266667</td>\n",
       "      <td>0.712812</td>\n",
       "      <td>0.007812</td>\n",
       "      <td>5.484375</td>\n",
       "      <td>5.476562</td>\n",
       "      <td>0.208274</td>\n",
       "      <td>male</td>\n",
       "    </tr>\n",
       "  </tbody>\n",
       "</table>\n",
       "<p>5 rows × 21 columns</p>\n",
       "</div>"
      ],
      "text/plain": [
       "   meanfreq        sd    median       Q25       Q75       IQR       skew  \\\n",
       "0  0.059781  0.064241  0.032027  0.015071  0.090193  0.075122  12.863462   \n",
       "1  0.066009  0.067310  0.040229  0.019414  0.092666  0.073252  22.423285   \n",
       "2  0.077316  0.083829  0.036718  0.008701  0.131908  0.123207  30.757155   \n",
       "3  0.151228  0.072111  0.158011  0.096582  0.207955  0.111374   1.232831   \n",
       "4  0.135120  0.079146  0.124656  0.078720  0.206045  0.127325   1.101174   \n",
       "\n",
       "          kurt    sp.ent       sfm  ...  centroid   meanfun    minfun  \\\n",
       "0   274.402906  0.893369  0.491918  ...  0.059781  0.084279  0.015702   \n",
       "1   634.613855  0.892193  0.513724  ...  0.066009  0.107937  0.015826   \n",
       "2  1024.927705  0.846389  0.478905  ...  0.077316  0.098706  0.015656   \n",
       "3     4.177296  0.963322  0.727232  ...  0.151228  0.088965  0.017798   \n",
       "4     4.333713  0.971955  0.783568  ...  0.135120  0.106398  0.016931   \n",
       "\n",
       "     maxfun   meandom    mindom    maxdom   dfrange   modindx  label  \n",
       "0  0.275862  0.007812  0.007812  0.007812  0.000000  0.000000   male  \n",
       "1  0.250000  0.009014  0.007812  0.054688  0.046875  0.052632   male  \n",
       "2  0.271186  0.007990  0.007812  0.015625  0.007812  0.046512   male  \n",
       "3  0.250000  0.201497  0.007812  0.562500  0.554688  0.247119   male  \n",
       "4  0.266667  0.712812  0.007812  5.484375  5.476562  0.208274   male  \n",
       "\n",
       "[5 rows x 21 columns]"
      ]
     },
     "execution_count": 2,
     "metadata": {},
     "output_type": "execute_result"
    }
   ],
   "source": [
    "# 1. Load data\n",
    "df = pd.read_csv('voice.csv')\n",
    "df.head()"
   ]
  },
  {
   "cell_type": "code",
   "execution_count": 3,
   "metadata": {},
   "outputs": [],
   "source": [
    "from sklearn.model_selection import train_test_split"
   ]
  },
  {
   "cell_type": "code",
   "execution_count": 6,
   "metadata": {},
   "outputs": [],
   "source": [
    "X, y = df.iloc[:, :-1].values, df.iloc[:, -1].values"
   ]
  },
  {
   "cell_type": "code",
   "execution_count": 9,
   "metadata": {},
   "outputs": [],
   "source": [
    "X_train, X_test, y_train, y_test = train_test_split(\n",
    "         X, y, test_size=0.2, random_state=42)"
   ]
  },
  {
   "cell_type": "code",
   "execution_count": 14,
   "metadata": {},
   "outputs": [
    {
     "name": "stderr",
     "output_type": "stream",
     "text": [
      "/home/junxiong/.local/lib/python3.6/site-packages/sklearn/linear_model/logistic.py:758: ConvergenceWarning: lbfgs failed to converge. Increase the number of iterations.\n",
      "  \"of iterations.\", ConvergenceWarning)\n"
     ]
    },
    {
     "data": {
      "text/plain": [
       "0.8107255520504731"
      ]
     },
     "execution_count": 14,
     "metadata": {},
     "output_type": "execute_result"
    }
   ],
   "source": [
    "# 2. Fit a logistic regression and measure the accuracy on the test set.\n",
    "from sklearn.linear_model import LogisticRegression\n",
    "\n",
    "clf = LogisticRegression(random_state=0, solver='lbfgs',\n",
    "                              multi_class='multinomial').fit(X_train, y_train)\n",
    "clf.score(X_test, y_test)"
   ]
  },
  {
   "cell_type": "code",
   "execution_count": 19,
   "metadata": {
    "scrolled": true
   },
   "outputs": [
    {
     "data": {
      "text/html": [
       "<div>\n",
       "<style scoped>\n",
       "    .dataframe tbody tr th:only-of-type {\n",
       "        vertical-align: middle;\n",
       "    }\n",
       "\n",
       "    .dataframe tbody tr th {\n",
       "        vertical-align: top;\n",
       "    }\n",
       "\n",
       "    .dataframe thead th {\n",
       "        text-align: right;\n",
       "    }\n",
       "</style>\n",
       "<table border=\"1\" class=\"dataframe\">\n",
       "  <thead>\n",
       "    <tr style=\"text-align: right;\">\n",
       "      <th></th>\n",
       "      <th>meanfreq</th>\n",
       "      <th>sd</th>\n",
       "      <th>median</th>\n",
       "      <th>Q25</th>\n",
       "      <th>Q75</th>\n",
       "      <th>IQR</th>\n",
       "      <th>skew</th>\n",
       "      <th>kurt</th>\n",
       "      <th>sp.ent</th>\n",
       "      <th>sfm</th>\n",
       "      <th>mode</th>\n",
       "      <th>centroid</th>\n",
       "      <th>meanfun</th>\n",
       "      <th>minfun</th>\n",
       "      <th>maxfun</th>\n",
       "      <th>meandom</th>\n",
       "      <th>mindom</th>\n",
       "      <th>maxdom</th>\n",
       "      <th>dfrange</th>\n",
       "      <th>modindx</th>\n",
       "    </tr>\n",
       "  </thead>\n",
       "  <tbody>\n",
       "    <tr>\n",
       "      <th>meanfreq</th>\n",
       "      <td>1.0</td>\n",
       "      <td>180.8</td>\n",
       "      <td>562.5</td>\n",
       "      <td>444.9</td>\n",
       "      <td>573.1</td>\n",
       "      <td>256.8</td>\n",
       "      <td>573.1</td>\n",
       "      <td>573.1</td>\n",
       "      <td>573.1</td>\n",
       "      <td>549.6</td>\n",
       "      <td>476.2</td>\n",
       "      <td>573.1</td>\n",
       "      <td>442.7</td>\n",
       "      <td>116.5</td>\n",
       "      <td>571.0</td>\n",
       "      <td>556.5</td>\n",
       "      <td>163.8</td>\n",
       "      <td>565.0</td>\n",
       "      <td>561.8</td>\n",
       "      <td>407.4</td>\n",
       "    </tr>\n",
       "    <tr>\n",
       "      <th>sd</th>\n",
       "      <td>180.8</td>\n",
       "      <td>1.0</td>\n",
       "      <td>179.8</td>\n",
       "      <td>167.4</td>\n",
       "      <td>180.9</td>\n",
       "      <td>172.8</td>\n",
       "      <td>181.0</td>\n",
       "      <td>181.0</td>\n",
       "      <td>181.0</td>\n",
       "      <td>181.0</td>\n",
       "      <td>152.3</td>\n",
       "      <td>180.8</td>\n",
       "      <td>180.7</td>\n",
       "      <td>103.5</td>\n",
       "      <td>181.0</td>\n",
       "      <td>174.0</td>\n",
       "      <td>85.1</td>\n",
       "      <td>175.6</td>\n",
       "      <td>174.6</td>\n",
       "      <td>173.3</td>\n",
       "    </tr>\n",
       "    <tr>\n",
       "      <th>median</th>\n",
       "      <td>562.5</td>\n",
       "      <td>179.8</td>\n",
       "      <td>1.0</td>\n",
       "      <td>445.0</td>\n",
       "      <td>588.0</td>\n",
       "      <td>256.1</td>\n",
       "      <td>588.0</td>\n",
       "      <td>588.0</td>\n",
       "      <td>588.0</td>\n",
       "      <td>563.1</td>\n",
       "      <td>492.6</td>\n",
       "      <td>562.5</td>\n",
       "      <td>443.7</td>\n",
       "      <td>116.4</td>\n",
       "      <td>585.1</td>\n",
       "      <td>570.3</td>\n",
       "      <td>164.5</td>\n",
       "      <td>579.2</td>\n",
       "      <td>575.9</td>\n",
       "      <td>409.7</td>\n",
       "    </tr>\n",
       "    <tr>\n",
       "      <th>Q25</th>\n",
       "      <td>444.9</td>\n",
       "      <td>167.4</td>\n",
       "      <td>445.0</td>\n",
       "      <td>1.0</td>\n",
       "      <td>445.0</td>\n",
       "      <td>223.1</td>\n",
       "      <td>445.0</td>\n",
       "      <td>445.0</td>\n",
       "      <td>445.0</td>\n",
       "      <td>428.0</td>\n",
       "      <td>409.6</td>\n",
       "      <td>444.9</td>\n",
       "      <td>409.5</td>\n",
       "      <td>115.1</td>\n",
       "      <td>445.0</td>\n",
       "      <td>440.3</td>\n",
       "      <td>159.3</td>\n",
       "      <td>442.9</td>\n",
       "      <td>440.2</td>\n",
       "      <td>346.3</td>\n",
       "    </tr>\n",
       "    <tr>\n",
       "      <th>Q75</th>\n",
       "      <td>573.1</td>\n",
       "      <td>180.9</td>\n",
       "      <td>588.0</td>\n",
       "      <td>445.0</td>\n",
       "      <td>1.0</td>\n",
       "      <td>267.1</td>\n",
       "      <td>712.0</td>\n",
       "      <td>712.1</td>\n",
       "      <td>712.1</td>\n",
       "      <td>676.8</td>\n",
       "      <td>520.2</td>\n",
       "      <td>573.1</td>\n",
       "      <td>451.9</td>\n",
       "      <td>116.6</td>\n",
       "      <td>701.1</td>\n",
       "      <td>676.0</td>\n",
       "      <td>165.7</td>\n",
       "      <td>698.0</td>\n",
       "      <td>693.8</td>\n",
       "      <td>453.3</td>\n",
       "    </tr>\n",
       "    <tr>\n",
       "      <th>IQR</th>\n",
       "      <td>256.8</td>\n",
       "      <td>172.8</td>\n",
       "      <td>256.1</td>\n",
       "      <td>223.1</td>\n",
       "      <td>267.1</td>\n",
       "      <td>1.0</td>\n",
       "      <td>267.1</td>\n",
       "      <td>267.1</td>\n",
       "      <td>267.1</td>\n",
       "      <td>266.9</td>\n",
       "      <td>213.3</td>\n",
       "      <td>256.8</td>\n",
       "      <td>252.8</td>\n",
       "      <td>103.7</td>\n",
       "      <td>267.1</td>\n",
       "      <td>250.7</td>\n",
       "      <td>94.5</td>\n",
       "      <td>256.3</td>\n",
       "      <td>255.4</td>\n",
       "      <td>240.1</td>\n",
       "    </tr>\n",
       "    <tr>\n",
       "      <th>skew</th>\n",
       "      <td>573.1</td>\n",
       "      <td>181.0</td>\n",
       "      <td>588.0</td>\n",
       "      <td>445.0</td>\n",
       "      <td>712.0</td>\n",
       "      <td>267.1</td>\n",
       "      <td>1.0</td>\n",
       "      <td>9948.1</td>\n",
       "      <td>2825.4</td>\n",
       "      <td>1290.8</td>\n",
       "      <td>523.6</td>\n",
       "      <td>573.1</td>\n",
       "      <td>452.4</td>\n",
       "      <td>116.6</td>\n",
       "      <td>819.9</td>\n",
       "      <td>2559.2</td>\n",
       "      <td>166.8</td>\n",
       "      <td>5586.6</td>\n",
       "      <td>5541.5</td>\n",
       "      <td>550.3</td>\n",
       "    </tr>\n",
       "    <tr>\n",
       "      <th>kurt</th>\n",
       "      <td>573.1</td>\n",
       "      <td>181.0</td>\n",
       "      <td>588.0</td>\n",
       "      <td>445.0</td>\n",
       "      <td>712.1</td>\n",
       "      <td>267.1</td>\n",
       "      <td>9948.1</td>\n",
       "      <td>1.0</td>\n",
       "      <td>2835.8</td>\n",
       "      <td>1293.2</td>\n",
       "      <td>523.6</td>\n",
       "      <td>573.1</td>\n",
       "      <td>452.4</td>\n",
       "      <td>116.6</td>\n",
       "      <td>820.0</td>\n",
       "      <td>2626.9</td>\n",
       "      <td>166.8</td>\n",
       "      <td>13584.5</td>\n",
       "      <td>13456.3</td>\n",
       "      <td>550.4</td>\n",
       "    </tr>\n",
       "    <tr>\n",
       "      <th>sp.ent</th>\n",
       "      <td>573.1</td>\n",
       "      <td>181.0</td>\n",
       "      <td>588.0</td>\n",
       "      <td>445.0</td>\n",
       "      <td>712.1</td>\n",
       "      <td>267.1</td>\n",
       "      <td>2825.4</td>\n",
       "      <td>2835.8</td>\n",
       "      <td>1.0</td>\n",
       "      <td>1293.2</td>\n",
       "      <td>523.6</td>\n",
       "      <td>573.1</td>\n",
       "      <td>452.4</td>\n",
       "      <td>116.6</td>\n",
       "      <td>820.0</td>\n",
       "      <td>2018.1</td>\n",
       "      <td>166.8</td>\n",
       "      <td>2595.4</td>\n",
       "      <td>2560.9</td>\n",
       "      <td>550.4</td>\n",
       "    </tr>\n",
       "    <tr>\n",
       "      <th>sfm</th>\n",
       "      <td>549.6</td>\n",
       "      <td>181.0</td>\n",
       "      <td>563.1</td>\n",
       "      <td>428.0</td>\n",
       "      <td>676.8</td>\n",
       "      <td>266.9</td>\n",
       "      <td>1290.8</td>\n",
       "      <td>1293.2</td>\n",
       "      <td>1293.2</td>\n",
       "      <td>1.0</td>\n",
       "      <td>497.6</td>\n",
       "      <td>549.6</td>\n",
       "      <td>443.5</td>\n",
       "      <td>116.6</td>\n",
       "      <td>761.5</td>\n",
       "      <td>1027.0</td>\n",
       "      <td>161.5</td>\n",
       "      <td>1219.9</td>\n",
       "      <td>1210.8</td>\n",
       "      <td>518.8</td>\n",
       "    </tr>\n",
       "    <tr>\n",
       "      <th>mode</th>\n",
       "      <td>476.2</td>\n",
       "      <td>152.3</td>\n",
       "      <td>492.6</td>\n",
       "      <td>409.6</td>\n",
       "      <td>520.2</td>\n",
       "      <td>213.3</td>\n",
       "      <td>523.6</td>\n",
       "      <td>523.6</td>\n",
       "      <td>523.6</td>\n",
       "      <td>497.6</td>\n",
       "      <td>1.0</td>\n",
       "      <td>476.2</td>\n",
       "      <td>395.4</td>\n",
       "      <td>110.1</td>\n",
       "      <td>519.1</td>\n",
       "      <td>521.9</td>\n",
       "      <td>159.7</td>\n",
       "      <td>523.6</td>\n",
       "      <td>520.9</td>\n",
       "      <td>354.7</td>\n",
       "    </tr>\n",
       "    <tr>\n",
       "      <th>centroid</th>\n",
       "      <td>573.1</td>\n",
       "      <td>180.8</td>\n",
       "      <td>562.5</td>\n",
       "      <td>444.9</td>\n",
       "      <td>573.1</td>\n",
       "      <td>256.8</td>\n",
       "      <td>573.1</td>\n",
       "      <td>573.1</td>\n",
       "      <td>573.1</td>\n",
       "      <td>549.6</td>\n",
       "      <td>476.2</td>\n",
       "      <td>1.0</td>\n",
       "      <td>442.7</td>\n",
       "      <td>116.5</td>\n",
       "      <td>571.0</td>\n",
       "      <td>556.5</td>\n",
       "      <td>163.8</td>\n",
       "      <td>565.0</td>\n",
       "      <td>561.8</td>\n",
       "      <td>407.4</td>\n",
       "    </tr>\n",
       "    <tr>\n",
       "      <th>meanfun</th>\n",
       "      <td>442.7</td>\n",
       "      <td>180.7</td>\n",
       "      <td>443.7</td>\n",
       "      <td>409.5</td>\n",
       "      <td>451.9</td>\n",
       "      <td>252.8</td>\n",
       "      <td>452.4</td>\n",
       "      <td>452.4</td>\n",
       "      <td>452.4</td>\n",
       "      <td>443.5</td>\n",
       "      <td>395.4</td>\n",
       "      <td>442.7</td>\n",
       "      <td>1.0</td>\n",
       "      <td>116.6</td>\n",
       "      <td>452.4</td>\n",
       "      <td>441.3</td>\n",
       "      <td>153.6</td>\n",
       "      <td>445.5</td>\n",
       "      <td>442.7</td>\n",
       "      <td>367.6</td>\n",
       "    </tr>\n",
       "    <tr>\n",
       "      <th>minfun</th>\n",
       "      <td>116.5</td>\n",
       "      <td>103.5</td>\n",
       "      <td>116.4</td>\n",
       "      <td>115.1</td>\n",
       "      <td>116.6</td>\n",
       "      <td>103.7</td>\n",
       "      <td>116.6</td>\n",
       "      <td>116.6</td>\n",
       "      <td>116.6</td>\n",
       "      <td>116.6</td>\n",
       "      <td>110.1</td>\n",
       "      <td>116.5</td>\n",
       "      <td>116.6</td>\n",
       "      <td>1.0</td>\n",
       "      <td>116.6</td>\n",
       "      <td>115.9</td>\n",
       "      <td>70.4</td>\n",
       "      <td>116.0</td>\n",
       "      <td>115.2</td>\n",
       "      <td>115.2</td>\n",
       "    </tr>\n",
       "    <tr>\n",
       "      <th>maxfun</th>\n",
       "      <td>571.0</td>\n",
       "      <td>181.0</td>\n",
       "      <td>585.1</td>\n",
       "      <td>445.0</td>\n",
       "      <td>701.1</td>\n",
       "      <td>267.1</td>\n",
       "      <td>819.9</td>\n",
       "      <td>820.0</td>\n",
       "      <td>820.0</td>\n",
       "      <td>761.5</td>\n",
       "      <td>519.1</td>\n",
       "      <td>571.0</td>\n",
       "      <td>452.4</td>\n",
       "      <td>116.6</td>\n",
       "      <td>1.0</td>\n",
       "      <td>766.1</td>\n",
       "      <td>165.4</td>\n",
       "      <td>801.1</td>\n",
       "      <td>795.8</td>\n",
       "      <td>468.6</td>\n",
       "    </tr>\n",
       "    <tr>\n",
       "      <th>meandom</th>\n",
       "      <td>556.5</td>\n",
       "      <td>174.0</td>\n",
       "      <td>570.3</td>\n",
       "      <td>440.3</td>\n",
       "      <td>676.0</td>\n",
       "      <td>250.7</td>\n",
       "      <td>2559.2</td>\n",
       "      <td>2626.9</td>\n",
       "      <td>2018.1</td>\n",
       "      <td>1027.0</td>\n",
       "      <td>521.9</td>\n",
       "      <td>556.5</td>\n",
       "      <td>441.3</td>\n",
       "      <td>115.9</td>\n",
       "      <td>766.1</td>\n",
       "      <td>1.0</td>\n",
       "      <td>166.8</td>\n",
       "      <td>2626.9</td>\n",
       "      <td>2623.5</td>\n",
       "      <td>506.4</td>\n",
       "    </tr>\n",
       "    <tr>\n",
       "      <th>mindom</th>\n",
       "      <td>163.8</td>\n",
       "      <td>85.1</td>\n",
       "      <td>164.5</td>\n",
       "      <td>159.3</td>\n",
       "      <td>165.7</td>\n",
       "      <td>94.5</td>\n",
       "      <td>166.8</td>\n",
       "      <td>166.8</td>\n",
       "      <td>166.8</td>\n",
       "      <td>161.5</td>\n",
       "      <td>159.7</td>\n",
       "      <td>163.8</td>\n",
       "      <td>153.6</td>\n",
       "      <td>70.4</td>\n",
       "      <td>165.4</td>\n",
       "      <td>166.8</td>\n",
       "      <td>1.0</td>\n",
       "      <td>166.8</td>\n",
       "      <td>164.1</td>\n",
       "      <td>145.9</td>\n",
       "    </tr>\n",
       "    <tr>\n",
       "      <th>maxdom</th>\n",
       "      <td>565.0</td>\n",
       "      <td>175.6</td>\n",
       "      <td>579.2</td>\n",
       "      <td>442.9</td>\n",
       "      <td>698.0</td>\n",
       "      <td>256.3</td>\n",
       "      <td>5586.6</td>\n",
       "      <td>13584.5</td>\n",
       "      <td>2595.4</td>\n",
       "      <td>1219.9</td>\n",
       "      <td>523.6</td>\n",
       "      <td>565.0</td>\n",
       "      <td>445.5</td>\n",
       "      <td>116.0</td>\n",
       "      <td>801.1</td>\n",
       "      <td>2626.9</td>\n",
       "      <td>166.8</td>\n",
       "      <td>1.0</td>\n",
       "      <td>15823.0</td>\n",
       "      <td>546.8</td>\n",
       "    </tr>\n",
       "    <tr>\n",
       "      <th>dfrange</th>\n",
       "      <td>561.8</td>\n",
       "      <td>174.6</td>\n",
       "      <td>575.9</td>\n",
       "      <td>440.2</td>\n",
       "      <td>693.8</td>\n",
       "      <td>255.4</td>\n",
       "      <td>5541.5</td>\n",
       "      <td>13456.3</td>\n",
       "      <td>2560.9</td>\n",
       "      <td>1210.8</td>\n",
       "      <td>520.9</td>\n",
       "      <td>561.8</td>\n",
       "      <td>442.7</td>\n",
       "      <td>115.2</td>\n",
       "      <td>795.8</td>\n",
       "      <td>2623.5</td>\n",
       "      <td>164.1</td>\n",
       "      <td>15823.0</td>\n",
       "      <td>1.0</td>\n",
       "      <td>541.9</td>\n",
       "    </tr>\n",
       "    <tr>\n",
       "      <th>modindx</th>\n",
       "      <td>407.4</td>\n",
       "      <td>173.3</td>\n",
       "      <td>409.7</td>\n",
       "      <td>346.3</td>\n",
       "      <td>453.3</td>\n",
       "      <td>240.1</td>\n",
       "      <td>550.3</td>\n",
       "      <td>550.4</td>\n",
       "      <td>550.4</td>\n",
       "      <td>518.8</td>\n",
       "      <td>354.7</td>\n",
       "      <td>407.4</td>\n",
       "      <td>367.6</td>\n",
       "      <td>115.2</td>\n",
       "      <td>468.6</td>\n",
       "      <td>506.4</td>\n",
       "      <td>145.9</td>\n",
       "      <td>546.8</td>\n",
       "      <td>541.9</td>\n",
       "      <td>1.0</td>\n",
       "    </tr>\n",
       "  </tbody>\n",
       "</table>\n",
       "</div>"
      ],
      "text/plain": [
       "          meanfreq     sd  median    Q25    Q75    IQR    skew     kurt  \\\n",
       "meanfreq       1.0  180.8   562.5  444.9  573.1  256.8   573.1    573.1   \n",
       "sd           180.8    1.0   179.8  167.4  180.9  172.8   181.0    181.0   \n",
       "median       562.5  179.8     1.0  445.0  588.0  256.1   588.0    588.0   \n",
       "Q25          444.9  167.4   445.0    1.0  445.0  223.1   445.0    445.0   \n",
       "Q75          573.1  180.9   588.0  445.0    1.0  267.1   712.0    712.1   \n",
       "IQR          256.8  172.8   256.1  223.1  267.1    1.0   267.1    267.1   \n",
       "skew         573.1  181.0   588.0  445.0  712.0  267.1     1.0   9948.1   \n",
       "kurt         573.1  181.0   588.0  445.0  712.1  267.1  9948.1      1.0   \n",
       "sp.ent       573.1  181.0   588.0  445.0  712.1  267.1  2825.4   2835.8   \n",
       "sfm          549.6  181.0   563.1  428.0  676.8  266.9  1290.8   1293.2   \n",
       "mode         476.2  152.3   492.6  409.6  520.2  213.3   523.6    523.6   \n",
       "centroid     573.1  180.8   562.5  444.9  573.1  256.8   573.1    573.1   \n",
       "meanfun      442.7  180.7   443.7  409.5  451.9  252.8   452.4    452.4   \n",
       "minfun       116.5  103.5   116.4  115.1  116.6  103.7   116.6    116.6   \n",
       "maxfun       571.0  181.0   585.1  445.0  701.1  267.1   819.9    820.0   \n",
       "meandom      556.5  174.0   570.3  440.3  676.0  250.7  2559.2   2626.9   \n",
       "mindom       163.8   85.1   164.5  159.3  165.7   94.5   166.8    166.8   \n",
       "maxdom       565.0  175.6   579.2  442.9  698.0  256.3  5586.6  13584.5   \n",
       "dfrange      561.8  174.6   575.9  440.2  693.8  255.4  5541.5  13456.3   \n",
       "modindx      407.4  173.3   409.7  346.3  453.3  240.1   550.3    550.4   \n",
       "\n",
       "          sp.ent     sfm   mode  centroid  meanfun  minfun  maxfun  meandom  \\\n",
       "meanfreq   573.1   549.6  476.2     573.1    442.7   116.5   571.0    556.5   \n",
       "sd         181.0   181.0  152.3     180.8    180.7   103.5   181.0    174.0   \n",
       "median     588.0   563.1  492.6     562.5    443.7   116.4   585.1    570.3   \n",
       "Q25        445.0   428.0  409.6     444.9    409.5   115.1   445.0    440.3   \n",
       "Q75        712.1   676.8  520.2     573.1    451.9   116.6   701.1    676.0   \n",
       "IQR        267.1   266.9  213.3     256.8    252.8   103.7   267.1    250.7   \n",
       "skew      2825.4  1290.8  523.6     573.1    452.4   116.6   819.9   2559.2   \n",
       "kurt      2835.8  1293.2  523.6     573.1    452.4   116.6   820.0   2626.9   \n",
       "sp.ent       1.0  1293.2  523.6     573.1    452.4   116.6   820.0   2018.1   \n",
       "sfm       1293.2     1.0  497.6     549.6    443.5   116.6   761.5   1027.0   \n",
       "mode       523.6   497.6    1.0     476.2    395.4   110.1   519.1    521.9   \n",
       "centroid   573.1   549.6  476.2       1.0    442.7   116.5   571.0    556.5   \n",
       "meanfun    452.4   443.5  395.4     442.7      1.0   116.6   452.4    441.3   \n",
       "minfun     116.6   116.6  110.1     116.5    116.6     1.0   116.6    115.9   \n",
       "maxfun     820.0   761.5  519.1     571.0    452.4   116.6     1.0    766.1   \n",
       "meandom   2018.1  1027.0  521.9     556.5    441.3   115.9   766.1      1.0   \n",
       "mindom     166.8   161.5  159.7     163.8    153.6    70.4   165.4    166.8   \n",
       "maxdom    2595.4  1219.9  523.6     565.0    445.5   116.0   801.1   2626.9   \n",
       "dfrange   2560.9  1210.8  520.9     561.8    442.7   115.2   795.8   2623.5   \n",
       "modindx    550.4   518.8  354.7     407.4    367.6   115.2   468.6    506.4   \n",
       "\n",
       "          mindom   maxdom  dfrange  modindx  \n",
       "meanfreq   163.8    565.0    561.8    407.4  \n",
       "sd          85.1    175.6    174.6    173.3  \n",
       "median     164.5    579.2    575.9    409.7  \n",
       "Q25        159.3    442.9    440.2    346.3  \n",
       "Q75        165.7    698.0    693.8    453.3  \n",
       "IQR         94.5    256.3    255.4    240.1  \n",
       "skew       166.8   5586.6   5541.5    550.3  \n",
       "kurt       166.8  13584.5  13456.3    550.4  \n",
       "sp.ent     166.8   2595.4   2560.9    550.4  \n",
       "sfm        161.5   1219.9   1210.8    518.8  \n",
       "mode       159.7    523.6    520.9    354.7  \n",
       "centroid   163.8    565.0    561.8    407.4  \n",
       "meanfun    153.6    445.5    442.7    367.6  \n",
       "minfun      70.4    116.0    115.2    115.2  \n",
       "maxfun     165.4    801.1    795.8    468.6  \n",
       "meandom    166.8   2626.9   2623.5    506.4  \n",
       "mindom       1.0    166.8    164.1    145.9  \n",
       "maxdom     166.8      1.0  15823.0    546.8  \n",
       "dfrange    164.1  15823.0      1.0    541.9  \n",
       "modindx    145.9    546.8    541.9      1.0  "
      ]
     },
     "execution_count": 19,
     "metadata": {},
     "output_type": "execute_result"
    }
   ],
   "source": [
    "# 3. Compute the correlation matrix\n",
    "histogram_intersection = lambda a, b: np.minimum(a, b).sum().round(decimals=1)\n",
    "corr = df.corr(method=histogram_intersection)\n",
    "corr"
   ]
  },
  {
   "cell_type": "code",
   "execution_count": 21,
   "metadata": {},
   "outputs": [],
   "source": [
    "import seaborn as sns\n",
    "import matplotlib.pyplot as plt\n",
    "from string import ascii_letters"
   ]
  },
  {
   "cell_type": "code",
   "execution_count": 24,
   "metadata": {},
   "outputs": [],
   "source": [
    "sns.set(style=\"white\")"
   ]
  },
  {
   "cell_type": "code",
   "execution_count": 26,
   "metadata": {},
   "outputs": [
    {
     "data": {
      "text/plain": [
       "<matplotlib.axes._subplots.AxesSubplot at 0x7f8e5d238e10>"
      ]
     },
     "execution_count": 26,
     "metadata": {},
     "output_type": "execute_result"
    },
    {
     "data": {
